| 360193 |
| 487037 |
| 486871 |
| 486879 |
| 486878 |
| 346929 |
| 367200 |
| 367216 |
| 346930 |
| 486861 |
| 486863 |
| 502409 |
| 367206 |
| 367225 |
| 475075 |
| 510749 |
| 510742 |
| 510746 |
| 496816 |
| 496817 |
| 496820 |
| 492082 |
| 449772 |
| 449769 |
| 340005 |
| 369011 |
| 506775 |
| 506774 |
| 352785 |
| 360193 |
| 487037 |
| 486871 |
| 486879 |
| 486878 |
| 346929 |
| 367200 |
| 367216 |
| 346930 |
| 486861 |
| 486863 |
| 502409 |
| 367206 |
| 367225 |
| 475075 |
| 510749 |
| 510742 |
| 510746 |
| 496816 |
| 496817 |
| 496820 |
| 492082 |
| 449772 |
| 449769 |
| 340005 |
| 369011 |
| 506775 |
| 506774 |
| 352785 |
